0.000001 0.760000 0.720000 0.570000 0.700000 0.610000
0.000001 0.460000 0.390000 0.220000 0.200000 0.140000
0.000001 0.620000 0.620000 0.440000 0.390000 0.240000
0.000001 0.270000 0.210000 0.170000 0.190000 0.070000
0.000001 0.490000 0.340000 0.220000 0.160000 0.090000
0.000001 0.620000 0.340000 0.320000 0.240000 0.120000
0.000001 0.550000 0.390000 0.320000 0.290000 0.150000
0.000001 0.420000 0.240000 0.170000 0.170000 0.110000
0.000001 0.310000 0.300000 0.230000 0.190000 0.110000
0.000001 0.470000 0.340000 0.190000 0.190000 0.110000
