434.91
V04.81
786.50
535.50
790.6
272.0
V58.83
211.3
716.90
V03.82
593.9
496
786.51
401.1
585.6
789.04
411.1
458.9
276.1
511.9
338.29
368.8
846.0
786.9
240.9
V73.81
440.21
735.0
V58.89
362.51
616.10
625.9
709.09
793.19
836.0
V70.9
478.0
414.19
250.33
789.00
574.20
455.0
366.14
250.00
780.79
300.4
425.4
786.05
611.72
493.00
780.97
216.9
787.02
008.8
429.9
053.9
721.3
702.0
365.01
362.56
V15.88
462
847.0
739.2
739.3
700
584.8
356.9
719.45
780.4
401.9
272.4
558.9
719.06
V12.59
389.18
414.01
799.3
276.9
285.9
793.89
682.7
311
785.0
298.9
250.60
714.0
780.60
799.02
424.0
V58.69
V71.89
V76.51
435.9
959.9
727.03
785.2
494.0
300.02
461.9
722.10
782.1
780.52
V76.41
216.6
719.42
V10.3
585.5
V76.12
789.01
560.9
535.40
780.53
780.2
788.1
789.09
787.91
403.90
780.6
782.3
338.18
592.0
515
440.0
276.2
959.09
686.9
416.0
470
365.11
784.49
738.4
569.89
715.94
790.21
287.5
715.00
362.57
366.16
V12.72
414.00
V12.51
784.0
787.03
429.3
578.1
782.0
424.2
682.6
280.9
995.91
796.4
E88.89
518.3
V67.59
E88.59
788.63
788.43
719.47
487.1
492.8
847.1
719.40
844.9
995.3
380.10
428.42
174.9
290.0
553.3
530.81
366.53
V45.89
785.6
703.0
728.87
959.01
V06.1
593.2
682.3
038.9
V58.82
788.31
263.9
V70.0
704.8
722.52
794.30
793.11
V58.73
715.98
288.8
845.00
461.0
783.0
726.2
173.3
250.0
276.51
794.31
V74.1
112.0
V58.66
410.90
V15.82
216.5
790.93
709.9
427.61
959.2
530.10
792.1
268.9
V45.01
519.11
726.90
V58.11
V72.81
518.1
518.81
453.40
696.1
785.1
276.8
294.8
V54.81
V45.82
V76.2
451.19
491.1
780.93
331.0
V17.3
414.1
535.00
250.02
276.7
V72.82
V58.65
380.4
726.73
788.21
530.11
600.01
001
550.90
250.03
278.3
562.10
427.31
453.9
786.09
397.0
715.96
280.0
721.0
379.24
571.8
702.11
242.90
840.4
366.10
482.9
110.4
519.8
787.01
V58.61
535.10
373.00
573.8
599.0
288.60
780.39
V58.81
V12.54
682.2
728.71
466.0
784.2
702.19
690.10
491.9
715.36
715.97
V43.1
706.8
402.90
695.3
402.10
560.1
784.7
719.43
362.50
786.59
719.41
584.9
786.52
599.7
692.9
355.9
300.00
365.9
959.19
410.71
564.1
788.30
726.10
V67.09
789.03
840.9
428.23
562.11
787.99
278.00
786.2
518.0
357.2
E88.88
788.41
296.33
591
388.70
472.0
737.30
V76.44
584.5
602.9
278.01
285.21
719.49
V46.2
959.11
719.44
415.19
473.9
477.9
381.81
427.1
V16.0
250.53
250.9
V72.31
413.9
389.9
790.92
443.9
780.71
698.9
241.0
599.70
719.46
338.4
783.1
611.71
366.17
578.9
493.92
783.21
244.9
V72.60
238.2
599.72
375.15
601.9
382.9
458.0
790.4
428.22
078.10
796.2
726.5
715.95
701.9
585.4
079.99
781.0
564.00
785.9
433.30
275.2
428.31
584.6
691.8
847.2
569.3
959.6
V57.1
781.3
478.19
493.10
V82.81
518.82
372.14
735.4
573.9
780
428.0
V72.6
920
723.1
789.06
V10.83
V58.67
518.89
706.2
V45.81
246.9
627.3
721.90
739.1
707.15
250
722.4
V14.0
780.99
722.0
433.10
228.01
595.0
429.2
514
780.09
786.00
465.9
309.28
V43.65
709.2
536.8
787.1
959.7
781.2
701.1
305.1
610.1
715.89
412
266.2
440.20
715.09
416.8
V06.5
719.7
110.1
276.50
722.51
728.85
789.30
620.2
250.63
715.15
211.4
493.91
715.90
372.30
455.6
216.3
272.2
793.1
354.0
250.51
715.16
491.21
459.81
216.7
379.91
V72.83
441.4
682.9
V49.81
251.2
600.00
793.80
424.1
366.15
507.0
703.8
250.11
493.20
250.90
V57.89
493.21
274.9
794.8
285.1
426.4
250.31
788.20
491.20
924.11
722.6
627.2
250.93
327.23
789.07
286.9
511.0
728.2
883.0
715.91
346.90
V72.84
786.6
379.21
491.8
272.1
V58.63
473.0
782.2
367.4
285.29
V67.00
490
787.2
786.07
790.29
491.22
793.4
733.00
486
724.4
790.7
733.12
733
733.9
733.91
733.20
211.1
485
724.01
724.71
787.20
729.0
729.5
278.03
729.30
724.70
724.3
477.0
724.02
729.31
729.82
733.01
724.2
724.9
790.5
733.49
477.8
733.5
729.92
162.9
788.62
162.2
V43.64
162.3
162.4
607.84
729.72
733.90
366.9
724.1
729.9
733.16
891.0
389.10
272.9
787.3
733.95
162.5
729.81
724.8
729.71
437.1
733.13
733.92
729.1
733.0
724.5
733.11
780.57
724.09
733.10
733.97
729.90
493.90
733.02
723.0
729.6
428.40
250.10
723.4
791.0
427.81
414.04
414.9
436
414.12
414.10
733.42
733.45
414.4
427.60
427.2
733.99
586
427.9
724.6
428.43
733.82
401
729.8
250.30
585.9
733.6
250.70
493.22
733.19
427.89
428.20
185
733.03
401.0
278.0
428.21
428.1
491.0
492
414.05
414.03
427.3
414.3
729.89
414.02
729.4
729
428.9
733.96
518.2
414.11
733.81
733.09
733.93
427.69
427.32
428.30
428
724.79
492.0
414.07
724.00
584.7
585
427.0
491
427
428.33
729.2
427.5
729.99
729.73
427.42
278.8
250.80
250.62
250.71
250.13
250.41
250.22
250.6
733.3
733.4
250.20
250.72
585.3
278.4
585.1
414.8
162.0
278.2
162.8
414.2
278.1
278
427.41
250.73
250.61
250.12
250.43
250.82
733.29
724.03
414
428.41
414.06
428.32
250.92
724.0
733.98
733.14
733.40
250.32
733.94
250.52
250.01
250.50
250.40
250.91
414.0
481
296.20
278.02
585.2
729.39
733.15
733.41
733.43
250.21
733.21
250.81
250.42
296.30
250.83
