0.410412 0.410412 0.418293 0.418293 0.429890 0.429890
0.240983 0.240983 0.240983 0.240983 0.240983 0.240983
0.339714 0.339714 0.339714 0.339714 0.339714 0.339714
0.130415 0.130415 0.130415 0.130415 0.130415 0.130415
0.143260 0.143260 0.143260 0.143260 0.143260 0.143260
0.211465 0.211465 0.211465 0.211465 0.211465 0.211465
0.194187 0.194187 0.194187 0.194187 0.194187 0.194187
0.185422 0.185422 0.185422 0.185422 0.185422 0.185422
0.171973 0.171973 0.171973 0.171973 0.171973 0.171973
0.152277 0.152277 0.152277 0.152277 0.152277 0.1522
