0.353120 0.672318 0.645088 0.709701 0.736128 0.836062
0.251142 0.433581 0.432388 0.434804 0.439837 0.455538
0.353120 0.556433 0.558981 0.618902 0.613239 0.631177
0.146119 0.278449 0.268804 0.306588 0.311068 0.308307
0.154490 0.384115 0.347924 0.368196 0.338812 0.352276
0.242770 0.473758 0.403000 0.480768 0.431996 0.438698
0.206240 0.430794 0.388204 0.463350 0.462304 0.467292
0.175799 0.384812 0.345458 0.373518 0.358414 0.370647
0.179604 0.328147 0.330251 0.392630 0.363842 0.382668
0.160578 0.374594 0.351007 0.367874 0.334439 0.348815
